Aeq=[0	0	0	0	1	0	0	0	1	0	0	0	1	0	0	0	1	0	0	0;
1	0	0	0	0	0	0	0	0	1	0	0	0	1	0	0	0	1	0	0;
0	1	0	0	0	1	0	0	0	0	0	0	0	0	1	0	0	0	1	0;
0	0	1	0	0	0	1	0	0	0	1	0	0	0	0	0	0	0	0	1;
0	0	0	1	0	0	0	1	0	0	0	1	0	0	0	1	0	0	0	0;
1	1	1	1	0	0	0	0	0	0	0	0	0	0	0	0	0	0	0	0;
0	0	0	0	1	1	1	1	0	0	0	0	0	0	0	0	0	0	0	0;
0	0	0	0	0	0	0	0	1	1	1	1	0	0	0	0	0	0	0	0;
0	0	0	0	0	0	0	0	0	0	0	0	1	1	1	1	0	0	0	0;
0	0	0	0	0	0	0	0	0	0	0	0	0	0	0	0	1	1	1	 1];
int = [1 2 3 4 5 6 7 8 9 10 11 12 13 14 15 16 17 18 19 20];
 UB = [1; 1;1;1;1;1;1;1;1;1;1; 1;1;1;1;1;1;1;1;1];
 A= [];
 b = [];
 beq = [1;1 ; 1; 1; 1;1;1; 1; 1;1];
 c = [ , 26, 20, 24 ,19, 26 , , 34 , 23 22 , 20 , 34 , , 27 , 21 , 24 , 23 , 27 , , 32 , 19 , 22 , 21 , 32 ,];

